366				
370				
370				
372				
374				
380				
381				
381				
381				
381				
382				
385				
387				
388				
394				
394				
395				
404				
407				
408				
409				
410				
410				
411				
411				
412				
423				
424				
430				
440				
441				
441				
445				
446				
448				
448				
452				
452				
455				
458				
459				
459				
460				
460				
462				
466				
469				
470				
470				
470				
474				
477				
479				
482				
486				
486				
487				
487				
488				
488				
489				
494				
494				
494				
498				
500				
501				
502				
502				
503				
505				
507				
510				
511				
515				
515				
516				
518				
523				
526				
535				
536				
537				
538				
544				
544				
547				
552				
556				
564				
565				
565				
567				
567				
570				
571				
574				
574				
578				
578				
587				
588				
588				
588				
589				
598				
607				
623				
628				
628				
628				
629				
629				
632				
632				
633				
634				
655				
656				
656				
656				
656				
656				
661				
661				
662				
667				
670				
685				
694				
698				
704				
725				
733				
734				
735				
751				
760				
769				
779				
789				
800				
804				
810				
818				
822				
822				
824				
825				
829				
835				
844				
846				
850				
851				
852				
860				
875				
875				
876				
879				
884				
886				
911				
913				
915				
922				
922				
924				
931				
935				
948				
951				
953				
953				
957				
957				
970				
974				
981				
983				
983				
993				
994				
999				
1002				
1002				
1003				
1013				
1019				
1020				
1020				
1020				
1020				
1020				
1020				
1020				
1020				
1020				
1021				
1021				
1021				
1022				
1024				
1024				
1024				
1026				
1027				
1027				
1027				
1035				
1040				
1043				
1070				
1071				
1085				
1092				
1098				
1098				
1100				
1105				
1105				
1105				
1108				
1113				
1117				
1119				
1124				
1128				
1135				
1136				
1145				
1146				
1149				
1151				
1154				
1174				
1179				
1182				
1188				
1189				
1196				
1228				
1233				
1255				
1257				
1263				
1272				
1283				
1296				
1297				
1303				
1304				
1304				
1307				
1307				
1312				
1319				
1330				
1330				
1337				
1338				
1342				
1344				
1352				
1354				
1354				
1355				
1357				
1358				
1360				
1360				
1363				
1363				
1367				
1368				
1372				
1378				
1383				
1386				
1393				
1394				
1396				
1408				
1412				
1414				
1418				
1419				
1423				
1445				
1449				
1449				
1450				
1459				
1459				
1464				
1465				
1470				
1472				
1476				
1491				
1502				
1504				
1511				
1513				
1517				
1519				
1520				
1527				
1529				
1534				
1541				
1542				
1547				
1552				
1554				
1566				
1568				
1573				
1573				
1573				
1573				
1574				
1574				
1580				
1580				
1580				
1580				
1580				
1580				
1580				
1580				
1580				
1580				
1580				
1580				
1580				
1580				
1580				
1580				
1580				
1580				
1580				
1580				
1580				
1581				
1581				
1581				
1582				
1582				
1582				
1583				
1583				
1583				
1583				
1583				
1583				
1583				
1584				
1584				
1586				
1588				
1588				
1588				
1588				
1588				
1588				
1588				
1588				
1588				
1588				
1589				
1589				
1589				
1589				
1591				
1591				
1591				
1592				
1592				
1592				
1592				
1592				
1592				
1592				
1592				
1592				
1592				
1592				
1592				
1592				
1592				
1592				
1592				
1592				
1592				
1592				
1592				
1592				
1592				
1592				
1592				
1592				
1592				
1593				
1593				
1593				
1593				
1593				
1593				
1593				
1593				
1593				
1593				
1593				
1593				
1593				
1593				
1593				
1593				
1594				
1594				
1595				
1595				
1595				
1595				
1595				
1595				
1595				
1596				
1599				
1600				
1600				
1601				
1601				
1602				
1602				
1602				
1605				
1607				
1607				
1609				
1611				
1613				
1613				
1616				
1618				
1620				
1621				
1623				
1624				
1624				
1624				
1626				
1626				
1626				
1629				
1629				
1630				
1630				
1630				
1631				
1631				
1631				
1634				
1634				
1635				
1636				
1636				
1637				
1639				
1641				
1642				
1642				
1643				
1643				
1643				
1646				
1647				
1647				
1648				
1648				
1649				
1649				
1650				
1651				
1653				
1653				
1656				
1664				
1664				
1666				
1668				
1676				
1676				
1679				
1681				
1683				
1684				
1690				
1692				
1695				
1696				
1696				
1696				
1702				
1702				
1702				
1708				
1710				
1712				
1717				
1722				
1723				
1727				
1728				
1732				
1732				
1733				
1735				
1751				
1751				
1752				
1753				
1755				
1757				
1758				
1758				
1759				
1761				
1762				
1763				
1765				
1769				
1770				
1771				
1773				
1773				
1773				
1773				
1776				
1779				
1779				
1785				
1789				
1798				
1800				
1803				
1803				
1803				
1806				
1810				
1826				
1834				
1835				
1836				
1837				
1839				
1849				
1863				
1864				
1869				
1889				
1899				
1905				
1908				
1908				
1910				
1911				
1915				
1917				
1921				
1923				
1935				
1935				
1938				
1947				
1954				
1956				
1959				
1959				
1960				
1960				
1964				
1965				
1965				
1965				
1965				
1965				
1966				
1966				
1967				
1968				
1969				
1971				
1975				
1980				
1981				
1981				
1981				
1985				
1986				
1987				
1990				
1993				
1995				
1995				
2000				
2012				
2014				
2014				
2015				
2016				
2016				
2017				
2023				
2023				
2025				
2026				
2026				
2028				
2028				
2028				
2029				
2032				
2036				
2038				
2046				
2046				
2047				
2047				
2050				
2050				
2053				
2053				
2053				
2054				
2054				
2055				
2056				
2057				
2058				
2061				
2061				
2067				
2068				
2068				
2069				
2069				
2077				
2078				
2087				
2088				
2090				
2091				
2092				
2093				
2102				
2103				
2103				
2109				
2117				
2119				
2126				
2126				
2131				
2134				
2140				
2153				
2154				
2155				
2155				
2155				
2160				
2160				
2163				
2164				
2165				
2172				
2174				
2178				
2180				
2180				
2181				
2183				
2183				
2185				
2185				
2185				
2185				
2188				
2189				
2195				
2197				
2198				
2198				
2199				
2199				
2200				
2200				
2202				
2202				
2202				
2203				
2203				
2203				
2203				
2204				
2207				
2207				
2207				
2207				
2207				
2207				
2208				
2208				
2208				
2208				
2208				
2208				
2208				
2208				
2208				
2208				
2208				
2209				
2209				
2209				
2209				
2209				
2210				
2210				
2213				
2214				
2214				
2218				
2218				
2222				
2223				
2225				
2226				
2227				
2228				
2228				
2233				
2237				
2240				
2243				
2248				
2252				
2253				
2253				
2253				
2253				
2257				
2260				
2261				
2269				
2273				
2273				
2276				
2277				
2277				
2280				
2282				
2282				
2286				
2296				
2300				
2302				
2305				
2306				
2307				
2308				
2312				
2313				
2314				
2319				
2319				
2319				
2323				
2323				
2329				
2329				
2329				
2332				
2342				
2342				
2344				
2346				
2351				
2352				
2359				
2361				
2362				
2362				
2363				
2364				
2364				
2368				
2369				
2369				
2371				
2371				
2373				
2377				
2378				
2378				
2380				
2380				
2386				
2388				
2390				
2390				
2392				
2392				
2393				
2393				
2394				
2394				
2395				
2395				
2396				
2397				
2398				
2400				
2402				
2405				
2405				
2407				
2410				
2413				
2413				
2415				
2419				
2426				
2432				
2432				
2435				
2438				
2460				
2461				
2465				
2466				
2467				
2467				
2467				
2469				
2469				
2469				
2469				
2469				
2470				
2471				
2476				
2476				
2476				
2477				
2477				
2481				
2482				
2483				
2484				
2485				
2493				
2493				
2493				
2496				
2498				
2514				
2518				
2521				
2525				
2532				
2538				
2541				
2553				
2568				
2572				
2576				
2577				
2578				
2578				
2584				
2589				
2589				
2595				
2597				
2602				
2602				
2616				
2629				
2638				
2639				
2643				
2643				
2647				
2647				
2648				
2650				
2653				
2654				
2657				
2657				
2657				
2658				
2659				
2665				
2668				
2670				
2676				
2678				
2678				
2681				
2682				
2684				
2685				
2686				
2687				
2690				
2692				
2694				
2700				
2704				
2713				
2714				
2716				
2721				
2722				
2731				
2733				
2735				
2736				
2740				
2740				
2740				
2740				
2740				
2740				
2740				
2740				
2740				
2741				
2741				
2741				
2742				
2742				
2742				
2742				
2743				
2743				
2745				
2746				
2747				
2748				
2748				
2748				
2749				
2751				
2753				
2754				
2758				
2758				
2758				
2760				
2764				
2764				
2765				
2766				
2774				
2776				
2779				
2781				
2782				
2785				
2787				
2787				
2787				
2788				
2789				
2791				
2797				
2800				
2800				
2802				
2803				
2804				
2805				
2809				
2809				
2811				
2814				
2821				
2821				
2828				
2831				
2832				
2835				
2843				
2843				
2849				
2855				
2857				
2865				
2871				
2873				
2879				
2889				
2889				
2891				
2894				
2899				
2900				
2902				
2918				
2919				
2921				
2925				
2929				
2929				
2929				
2933				
2938				
2938				
2940				
2945				
2949				
2950				
2951				
2953				
2953				
2953				
2960				
2960				
2960				
2980				
2983				
2985				
2985				
2986				
2987				
2991				
2996				
2997				
2998				
3007				
3009				
3011				
3012				
3013				
3014				
3015				
3015				
3017				
3018				
3020				
3020				
3020				
3020				
3022				
3023				
3024				
3025				
3027				
3029				
3029				
3029				
3030				
3035				
3038				
3038				
3038				
3038				
3038				
3038				
3038				
3038				
3038				
3038				
3038				
3038				
3038				
3038				
3039				
3039				
3040				
3040				
3042				
3043				
3044				
3046				
3056				
3058				
3058				
3065				
3070				
3072				
3076				
3076				
3076				
3076				
3076				
3077				
3077				
3078				
3078				
3080				
3080				
3084				
3085				
3092				
3092				
3093				
3095				
3097				
3100				
3101				
3102				
3102				
3105				
3115				
3116				
3121				
3124				
3137				
3137				
3139				
3141				
3145				
3145				
3145				
3146				
3147				
3148				
3149				
3150				
3150				
3152				
3155				
3158				
3159				
3160				
3161				
3161				
3161				
3164				
3165				
3168				
3175				
3175				
3175				
3175				
3176				
3186				
3190				
3194				
3207				
3213				
3214				
3214				
3215				
3215				
3217				
3223				
3223				
3233				
3245				
3249				
3255				
3255				
3259				
3264				
3268				
3277				
3278				
3281				
3286				
3294				
3296				
3307				
3310				
3316				
3317				
3319				
3325				
3328				
3329				
3330				
3331				
3334				
3336				
3336				
3337				
3337				
3340				
3346				
3352				
3353				
3357				
3361				
3373				
3376				
3379				
3381				
3384				
3389				
3393				
3394				
3394				
3396				
3396				
3398				
3398				
3400				
3402				
3402				
3406				
3410				
3413				
3414				
3419				
3422				
3428				
3428				
3429				
3433				
3434				
3434				
3435				
3436				
3446				
3462				
3462				
3462				
3463				
3466				
3470				
3470				
3471				
3473				
3474				
3476				
3477				
3477				
3477				
3477				
3477				
3482				
3486				
3486				
3488				
3490				
3495				
3495				
3495				
3495				
3497				
3502				
3502				
3502				
3506				
3506				
3507				
3513				
3516				
3519				
3520				
3520				
3520				
3521				
3526				
3527				
3532				
3533				
3533				
3535				
3535				
3537				
3541				
3543				
3543				
3544				
3547				
3547				
3548				
3549				
3549				
3553				
3553				
3553				
3554				
3554				
3554				
3554				
3554				
3554				
3556				
3556				
3560				
3560				
3561				
3561				
3561				
3562				
3562				
3562				
3563				
3563				
3563				
3565				
3565				
3565				
3565				
3565				
3566				
3566				
3569				
3577				
3579				
3580				
3581				
3583				
3584				
3584				
3590				
3591				
3591				
3595				
3595				
3601				
3602				
3605				
3606				
3606				
3608				
3610				
3610				
3610				
3610				
3610				
3612				
3613				
3615				
3616				
3625				
3633				
3634				
3638				
3640				
3643				
3647				
3647				
3655				
3663				
3666				
3669				
3672				
3673				
3674				
3674				
3676				
3676				
3676				
3676				
3679				
3679				
3682				
3684				
3684				
3685				
3688				
3691				
3694				
3696				
3697				
3701				
3701				
3703				
3704				
3707				
3707				
3709				
3709				
3711				
3718				
3725				
3726				
3727				
3727				
3727				
3728				
3728				
3729				
3731				
3732				
3733				
3735				
3736				
3739				
3746				
3749				
3753				
3753				
3757				
3758				
3764				
3764				
3767				
3775				
3775				
3777				
3777				
3777				
3777				
3777				
3777				
3777				
3777				
3777				
3777				
3777				
3777				
3777				
3777				
3778				
3778				
3779				
3780				
3780				
3780				
3780				
3780				
3780				
3780				
3780				
3781				
3781				
3781				
3781				
3782				
3785				
3788				
3788				
3789				
3789				
3789				
3790				
3790				
3794				
3796				
3801				
3802				
3803				
3807				
3811				
3822				
3822				
3823				
3824				
3824				
3827				
3828				
3831				
3831				
3832				
3833				
3834				
3837				
3837				
3837				
3842				
3844				
3844				
3845				
3849				
3850				
3852				
3856				
3859				
3860				
3870				
3873				
3876				
3889				
3890				
3891				
3892				
3892				
3898				
3898				
3898				
3898				
3898				
3902				
3905				
3905				
3907				
3915				
3917				
3928				
3930				
3931				
3941				
3943				
3943				
3944				
3944				
3944				
3947				
3949				
3954				
3954				
3957				
3958				
3965				
3967				
3972				
3977				
3978				
3979				
3980				
3980				
3980				
3994				
3994				
3999				
4001				
4002				
4007				
4010				
4011				
4012				
4017				
4018				
4023				
4024				
4026				
4027				
4031				
4031				
4031				
4031				
4031				
4031				
4043				
4043				
4043				
4046				
4046				
4056				
4056				
4058				
4059				
4061				
4061				
4067				
4067				
4068				
4069				
4071				
4073				
4078				
4079				
4080				
4082				
4082				
4083				
4085				
4091				
4097				
4099				
4101				
4102				
4103				
4106				
4107				
4110				
4111				
4114				
4125				
4125				
4130				
4130				
4131				
4132				
4132				
4134				
4134				
4138				
4140				
4142				
4142				
4142				
4144				
4146				
4146				
4148				
4152				
4153				
4155				
4157				
4158				
4159				
4163				
4164				
4166				
4167				
4168				
4168				
4168				
4174				
4174				
4179				
4183				
4188				
4193				
4194				
4194				
4195				
4196				
4201				
4201				
4202				
4209				
4210				
4210				
4210				
4212				
4212				
4214				
4221				
4230				
4230				
4233				
4233				
4236				
4236				
4245				
4246				
4249				
4249				
4249				
4249				
4257				
4266				
4267				
4267				
4280				
4285				
4285				
4285				
4285				
4287				
4287				
4290				
4293				
4294				
4295				
4295				
4295				
4296				
4300				
4300				
4300				
4300				
4301				
4306				
4309				
4312				
4313				
4313				
4313				
4314				
4316				
4318				
4320				
4320				
4320				
4321				
4322				
4323				
4327				
4333				
4334				
4338				
4341				
4343				
4343				
4344				
4355				
4356				
4356				
4358				
4359				
4360				
4365				
4365				
4365				
4365				
4365				
4366				
4366				
4366				
4366				
4373				
4373				
4373				
4373				
4380				
4383				
4384				
4384				
4386				
4390				
4395				
4399				
4399				
4400				
4403				
4416				
4420				
4420				
4421				
4421				
4425				
4425				
4427				
4430				
4431				
4431				
4433				
4434				
4437				
4442				
4442				
4443				
4448				
4453				
4457				
4457				
4457				
4458				
4458				
4460				
4460				
4460				
4460				
4460				
4461				
4461				
4465				
4470				
4471				
4473				
4474				
4476				
4479				
4479				
4480				
4485				
4490				
4494				
4506				
4506				
4511				
4511				
4511				
4511				
4512				
4513				
4518				
4525				
4529				
4530				
4530				
4530				
4531				
4531				
4531				
4531				
4531				
4532				
4533				
4533				
4536				
4539				
4545				
4546				
4547				
4547				
4548				
4548				
4550				
4551				
4551				
4562				
4566				
4566				
4575				
4575				
4577				
4578				
4580				
4584				
4592				
4600				
4600				
4601				
4601				
4601				
4604				
4608				
4610				
4611				
4611				
4615				
4617				
4620				
4622				
4623				
4624				
4625				
4629				
4637				
4640				
4653				
4653				
4653				
4653				
4657				
4661				
4662				
4664				
4666				
4680				
4680				
4684				
4689				
4690				
4691				
4692				
4695				
4698				
4698				
4708				
4709				
4714				
4716				
4718				
4718				
4724				
4724				
4726				
4728				
4734				
4737				
4740				
4745				
4748				
4749				
4749				
4758				
4758				
4758				
4759				
4760				
4765				
4765				
4772				
4773				
4785				
4789				
4790				
4799				
4808				
4810				
4810				
4811				
4811				
4812				
4818				
4820				
4822				
4824				
4827				
4827				
4830				
4832				
4842				
4843				
4843				
4847				
4849				
4862				
4865				
4865				
4865				
4866				
4866				
4870				
4878				
4879				
4882				
4889				
4892				
4892				
4893				
4900				
4901				
4902				
4903				
4903				
4904				
4913				
4913				
4923				
4925				
4925				
4925				
4926				
4926				
4926				
4926				
4926				
4926				
4927				
4928				
4928				
4928				
4929				
4930				
4930				
4934				
4935				
4938				
4939				
4943				
4943				
4944				
4945				
4946				
4946				
4946				
4946				
4946				
4946				
4946				
4946				
4946				
4946				
4947				
4947				
4949				
4950				
4950				
4951				
4951				
4952				
4953				
4954				
4955				
4957				
4959				
4961				
4965				
4966				
4966				
4970				
4971				
4976				
4976				
4980				
4983				
4985				
4993				
4993				
4995				
4997				
4998				
5010				
5011				
5013				
5013				
5021				
5023				
5024				
5028				
5033				
5036				
5039				
5041				
5057				
5057				
5057				
5059				
5060				
5061				
5061				
5061				
5062				
5064				
5065				
5069				
5076				
5080				
5085				
5086				
5087				
5088				
5091				
5091				
5093				
5099				
5107				
5107				
5118				
5120				
5131				
5133				
5133				
5133				
5133				
5134				
5134				
5145				
5146				
5149				
5153				
5153				
5157				
5157				
5165				
5166				
5166				
5167				
5167				
5167				
5172				
5176				
5181				
5183				
5183				
5183				
5184				
5184				
5185				
5191				
5191				
5193				
5197				
5198				
5198				
5203				
5203				
5203				
5208				
5211				
5211				
5211				
5212				
5220				
5223				
5224				
5224				
5225				
5225				
5226				
5229				
5233				
5234				
5239				
5242				
5242				
5244				
5247				
5249				
5255				
5258				
5260				
5266				
5266				
5266				
5266				
5266				
5271				
5274				
5275				
5275				
5276				
5276				
5277				
5278				
5278				
5279				
5285				
5285				
5291				
5297				
5299				
5300				
5301				
5302				
5303				
5303				
5316				
5317				
5319				
5321				
5324				
5327				
5327				
5327				
5330				
5330				
5330				
5331				
5332				
5333				
5333				
5336				
5338				
5343				
5344				
5346				
5350				
5353				
5364				
5376				
5381				
5382				
5382				
5383				
5383				
5383				
5384				
5387				
5390				
5392				
5392				
5393				
5394				
5396				
5396				
5397				
5397				
5397				
5397				
5397				
5398				
5398				
5400				
5402				
5404				
5405				
5410				
5414				
5416				
5421				
5424				
5425				
5429				
5435				
5435				
5436				
5441				
5444				
5447				
5450				
5450				
5452				
5460				
5461				
5464				
5481				
5481				
5482				
5510				
5510				
5517				
5519				
5519				
5520				
5520				
5527				
5529				
5530				
5532				
5535				
5539				
5540				
5545				
5546				
5547				
5556				
5559				
5565				
5573				
5574				
5579				
5581				
5581				
5585				
5589				
5602				
5607				
5611				
5611				
5611				
5612				
5613				
5613				
5613				
5615				
5616				
5617				
5620				
5620				
5622				
5627				
5627				
5628				
5628				
5629				
5629				
5634				
5639				
5642				
5642				
5643				
5645				
5650				
5650				
5656				
5658				
5665				
5665				
5666				
5666				
5667				
5678				
5682				
5682				
5682				
5683				
5683				
5683				
5684				
5685				
5686				
5693				
5696				
5696				
5697				
5697				
5698				
5699				
5699				
5701				
5702				
5703				
5705				
5705				
5713				
5714				
5715				
5717				
5717				
5717				
5718				
5720				
5721				
5723				
5723				
5725				
5725				
5726				
5735				
5736				
5739				
5740				
5741				
5741				
5745				
5745				
5750				
5751				
5751				
5751				
5752				
5754				
5754				
5754				
5755				
5756				
5757				
5759				
5761				
5762				
5764				
5767				
5771				
5772				
5773				
5781				
5783				
5784				
5784				
5785				
5790				
5790				
5790				
5792				
5795				
5798				
5802				
5803				
5811				
5811				
5813				
5814				
5816				
5817				
5820				
5821				
5825				
5826				
5830				
5832				
5832				
5835				
5836				
5836				
5836				
5838				
5839				
5839				
5840				
5840				
5840				
5840				
5840				
5840				
5842				
5843				
5843				
5844				
5845				
5845				
5849				
5852				
5865				
5865				
5865				
5866				
5870				
5871				
5871				
5875				
5879				
5883				
5883				
5892				
5895				
5897				
5901				
5901				
5902				
5902				
5903				
5907				
5907				
5909				
5916				
5917				
5917				
5917				
5918				
5918				
5927				
5933				
5934				
5937				
5937				
5937				
5938				
5941				
5943				
5944				
5947				
5948				
5950				
5952				
5952				
5952				
5961				
5961				
5968				
5969				
5971				
5971				
5972				
5975				
5981				
5982				
5985				
5986				
5996				
5998				
6000				
6000				
6002				
6003				
6003				
6010				
6014				
6014				
6019				
6023				
6023				
6027				
6033				
6034				
6035				
6036				
6038				
6039				
6039				
6040				
6040				
6040				
6041				
6042				
6042				
6042				
6042				
6042				
6043				
6044				
6045				
6049				
6050				
6050				
6050				
6052				
6056				
6056				
6059				
6061				
6067				
6070				
6070				
6070				
6071				
6071				
6071				
6076				
6078				
6079				
6080				
6095				
6099				
6102				
6104				
6110				
6111				
6112				
6117				
6117				
6117				
6120				
6125				
6127				
6128				
6132				
6132				
6132				
6132				
6132				
6132				
6132				
6132				
6132				
6133				
6133				
6133				
6133				
6133				
6134				
6135				
6136				
6137				
6137				
6137				
6138				
6143				
6143				
6143				
6153				
6155				
6158				
6158				
6160				
6161				
6162				
6164				
6167				
6172				
6173				
6176				
6176				
6180				
6181				
6181				
6181				
6186				
6192				
6192				
6194				
6194				
6197				
6200				
6201				
6202				
6204				
6207				
6210				
6213				
6213				
6218				
6222				
6223				
6224				
6232				
6235				
6235				
6235				
6236				
6236				
6240				
6240				
6243				
6244				
6245				
6246				
6247				
6248				
6249				
6249				
6251				
6251				
6253				
6262				
6262				
6264				
6264				
6265				
6265				
6266				
6266				
6267				
6269				
6270				
6276				
6282				
6283				
6286				
6287				
6287				
6287				
6288				
6288				
6288				
6288				
6288				
6289				
6289				
6289				
6290				
6293				
6294				
6302				
6302				
6302				
6302				
6302				
6302				
6302				
6303				
6305				
6305				
6311				
6315				
6316				
6318				
6321				
6321				
6325				
6326				
6331				
6332				
6332				
6332				
6332				
6332				
6333				
6334				
6335				
6336				
6338				
6341				
6341				
6341				
6341				
6341				
6341				
6342				
6342				
6342				
6343				
6343				
6343				
6343				
6344				
6344				
6344				
6345				
6347				
6348				
6349				
6349				
6352				
6358				
6361				
6363				
6364				
6364				
6365				
6366				
6369				
6369				
6369				
6370				
6370				
6371				
6374				
6375				
6377				
6377				
6382				
6382				
6384				
6386				
6387				
6388				
6394				
6396				
6398				
6399				
6401				
6404				
6405				
6405				
6406				
6407				
6409				
6410				
6410				
6413				
6414				
6415				
6416				
6416				
6416				
6416				
6417				
6419				
6421				
6423				
6426				
6428				
6428				
6428				
6428				
6428				
6428				
6428				
6428				
6428				
6428				
6429				
6429				
6429				
6429				
6429				
6431				
6432				
6432				
6432				
6432				
6433				
6433				
6433				
6434				
6436				
6436				
6437				
6438				
6440				
6444				
6447				
6452				
6453				
6453				
6454				
6455				
6455				
6455				
6456				
6456				
6458				
6458				
6458				
6459				
6461				
6462				
6462				
6462				
6465				
6465				
6468				
6469				
6469				
6471				
6471				
6471				
6471				
6471				
6473				
6474				
6476				
6478				
6478				
6478				
6478				
6478				
6478				
6478				
6478				
6478				
6478				
6478				
6478				
6478				
6478				
6478				
6478				
6478				
6478				
6478				
6478				
6478				
6478				
6478				
6478				
6478				
6478				
6478				
6478				
6478				
6478				
6478				
6478				
6478				
6478				
6478				
6478				
6478				
6478				
6478				
6478				
6478				
6478				
6478				
6478				
6478				
6478				
6478				
6478				
6478				
6478				
6478				
6478				
6478				
6478				
6478				
6478				
6478				
6478				
6478				
6478				
6478				
6478				
6478				
6478				
6478				
6479				
6479				
6479				
6479				
6479				
6479				
6479				
6479				
6479				
6479				
6479				
6479				
6479				
6479				
6479				
6479				
6479				
6479				
6479				
6479				
6479				
6479				
6479				
6479				
6479				
6479				
6479				
6479				
6480				
6480				
6480				
6480				
6480				
6480				
6480				
6480				
6480				
6481				
6481				
6481				
6481				
6481				
6481				
6481				
6481				
6481				
6481				
6481				
6482				
6482				
6482				
6483				
6483				
6483				
6483				
6483				
6483				
6483				
6484				
6484				
6484				
6484				
6484				
6484				
6484				
6485				
6485				
6485				
6485				
6485				
6485				
6485				
6485				
6485				
6485				
6485				
6485				
6486				
6486				
6486				
6486				
6486				
6486				
6486				
6486				
6486				
6486				
6486				
6486				
6486				
6486				
6486				
6486				
6486				
6487				
6487				
6487				
6487				
6487				
6487				
6487				
6487				
6487				
6487				
6487				
6488				
6488				
6488				
6488				
6488				
6488				
6488				
6488				
6488				
6489				
6489				
6489				
6489				
6489				
6489				
6489				
6489				
6489				
6489				
6489				
6489				
6490				
6490				
6491				
6491				
6491				
6491				
6491				
6491				
6491				
6492				
6492				
6493				
6493				
6493				
6494				
6494				
6494				
6494				
6494				
6494				
6494				
6494				
6494				
6494				
6494				
6494				
6494				
6494				
6494				
6494				
6494				
6494				
6495				
6495				
6495				
6495				
6495				
6495				
6495				
6495				
6495				
6495				
6495				
6495				
6495				
6495				
6496				
6496				
6496				
6496				
6496				
6496				
6496				
6496				
6496				
6496				
6496				
6496				
6496				
6496				
6496				
6496				
6496				
6496				
6496				
6496				
6496				
6496				
6496				
6496				
6496				
6496				
6496				
6496				
6496				
6496				
6497				
6497				
6497				
6497				
6497				
6497				
6497				
6497				
6497				
6497				
6497				
6497				
6497				
6497				
6497				
6497				
6497				
6498				
6498				
6498				
6498				
6498				
6498				
6498				
6499				
6499				
6499				
6499				
6500				
6500				
6500				
6501				
6501				
6501				
6501				
6501				
6501				
6502				
6502				
6502				
6503				
6503				
6504				
6504				
6504				
6504				
6504				
6505				
6505				
6506				
6506				
6506				
6507				
6507				
6507				
6507				
6507				
6507				
6508				
6510				
6510				
6510				
6510				
6510				
6510				
6511				
6511				
6511				
6513				
6513				
6513				
6514				
6514				
6514				
6516				
6517				
6518				
6518				
6519				
6519				
6521				
6521				
6521				
6521				
6521				
6522				
6522				
6522				
6522				
6522				
6523				
6523				
6523				
6523				
6523				
6524				
6524				
6524				
6524				
6525				
6525				
6525				
6526				
6527				
6529				
6529				
6530				
6530				
6530				
6530				
6530				
6530				
6530				
6532				
6532				
6532				
6533				
6534				
6535				
6537				
6538				
6538				
6540				
6541				
6542				
6543				
6543				
6543				
6544				
6545				
6546				
6546				
6546				
6546				
6546				
6546				
6546				
6546				
6546				
6547				
6550				
6552				
6553				
6553				
6554				
6554				
6559				
6560				
6561				
6561				
6561				
6561				
6562				
6562				
6562				
6562				
6567				
6567				
6567				
6568				
6568				
6568				
6569				
6574				
6574				
6575				
6575				
6575				
6576				
6576				
6576				
6578				
6578				
6579				
6579				
6580				
6580				
6580				
6583				
6583				
6584				
6584				
6584				
6584				
6584				
6584				
6584				
6584				
6584				
6584				
6584				
6584				
6586				
6586				
6587				
6588				
6588				
6588				
6589				
6589				
6591				
6591				
6591				
6591				
6591				
6591				
6592				
6593				
6593				
6599				
6600				
6600				
6600				
6600				
6602				
6607				
6608				
6609				
6612				
6612				
6612				
6612				
6613				
6613				
6614				
6615				
6616				
6620				
6620				
6621				
6622				
6625				
6625				
6625				
6625				
6626				
6629				
6629				
6630				
6632				
6632				
6635				
6635				
6635				
6635				
6636				
6640				
6644				
6646				
6647				
6648				
6648				
6649				
6649				
6651				
6651				
6651				
6654				
6654				
6654				
6654				
6654				
6655				
6655				
6655				
6656				
6656				
6656				
6656				
6656				
6656				
6657				
6658				
6660				
6662				
6663				
6664				
6664				
6664				
6665				
6667				
6667				
6667				
6667				
6667				
6667				
6667				
6667				
6669				
6669				
6669				
6670				
6671				
6675				
6676				
6676				
6676				
6676				
6677				
6679				
6679				
6679				
6680				
6681				
6681				
6683				
6684				
6686				
6686				
6686				
6686				
6687				
6688				
6688				
6689				
6690				
6693				
6693				
6693				
6693				
6693				
6696				
6696				
6697				
6699				
6699				
6699				
6700				
6701				
6704				
6705				
6706				
6707				
6707				
6709				
6709				
6709				
6714				
6714				
6715				
6715				
6715				
6716				
6720				
6721				
6721				
6722				
6726				
6726				
6726				
6726				
6727				
6727				
6728				
6729				
6730				
6730				
6730				
6731				
6734				
6734				
6735				
6735				
6735				
6735				
6737				
6739				
6739				
6739				
6739				
6739				
6740				
6742				
6742				
6742				
6742				
6743				
6743				
6745				
6745				
6745				
6745				
6745				
6745				
6745				
6745				
6745				
6745				
6745				
6746				
6746				
6746				
6746				
6746				
6746				
6746				
6746				
6746				
6746				
6747				
6747				
6747				
6747				
6748				
6748				
6748				
6748				
6748				
6749				
6750				
6750				
6750				
6750				
6750				
6754				
6755				
6755				
6756				
6756				
6756				
6756				
6756				
6758				
6762				
6762				
6770				
6771				
6773				
6774				
6775				
6777				
6778				
6781				
6786				
6786				
6786				
6786				
6787				
6788				
6789				
6790				
6795				
6797				
6798				
6800				
6800				
6800				
6801				
6801				
6801				
6802				
6802				
6804				
6805				
6805				
6807				
6809				
6811				
6813				
6813				
6816				
6816				
6817				
6817				
6817				
6817				
6817				
6818				
6819				
6822				
6823				
6823				
6826				
6826				
6826				
6826				
6826				
6826				
6826				
6826				
6827				
6828				
6829				
6829				
6829				
6829				
6831				
6831				
6831				
6834				
6834				
6834				
6835				
6840				
6840				
6841				
6842				
6842				
6843				
6844				
6848				
6848				
6849				
6852				
6853				
6855				
6858				
6862				
6864				
6865				
6866				
6866				
6866				
6871				
6872				
6875				
6877				
6881				
6881				
6885				
6886				
6886				
6891				
6891				
6892				
6894				
6899				
6902				
6902				
6902				
6903				
6904				
6904				
6906				
6909				
6910				
6911				
6912				
6913				
6913				
6913				
6916				
6920				
6922				
6932				
6934				
6936				
6939				
6940				
6943				
6944				
6947				
6948				
6949				
6950				
6951				
6951				
6952				
6954				
6955				
6956				
6956				
6957				
6960				
6962				
6963				
6964				
6964				
6970				
6975				
6975				
6975				
6977				
6977				
6978				
6978				
6983				
6984				
6984				
6984				
6984				
6984				
6984				
6984				
6986				
6986				
6986				
6986				
6986				
6986				
6987				
6993				
6996				
6998				
6998				
7000				
7000				
7009				
7010				
7011				
7012				
7012				
7015				
7016				
7018				
7018				
7019				
7019				
7021				
7022				
7023				
7024				
7024				
7026				
7028				
7029				
7034				
7034				
7038				
7039				
7039				
7041				
7041				
7042				
7044				
7044				
7047				
7047				
7048				
7048				
7049				
7051				
7051				
7051				
7052				
7054				
7055				
7055				
7055				
7055				
7057				
7058				
7059				
7061				
7061				
7070				
7071				
7072				
7072				
7075				
7082				
7082				
7083				
7085				
7086				
7089				
7090				
7090				
7092				
7092				
7092				
7094				
7095				
7097				
7097				
7100				
7101				
7103				
7103				
7103				
7104				
7105				
7105				
7109				
7110				
7111				
7116				
7122				
7126				
7127				
7127				
7127				
7127				
7127				
7128				
7128				
7128				
7128				
7128				
7130				
7130				
7132				
7132				
7133				
7136				
7140				
7141				
7147				
7148				
7155				
7156				
7156				
7158				
7162				
7165				
7170				
7172				
7176				
7176				
7177				
7177				
7179				
7179				
7180				
7181				
7181				
7181				
7181				
7184				
7184				
7185				
7186				
7188				
7189				
7191				
7198				
7200				
7202				
7207				
7209				
7209				
7210				
7211				
7212				
7213				
7213				
7214				
7218				
7219				
7221				
7222				
7224				
7224				
7224				
7224				
7226				
7227				
7228				
7228				
7230				
7232				
7233				
7234				
7238				
7238				
7240				
7241				
7242				
7243				
7243				
7246				
7260				
7262				
7269				
7272				
7273				
7276				
7277				
7277				
7277				
7277				
7278				
7288				
7289				
7293				
7295				
7298				
7299				
7300				
7301				
7302				
7302				
7302				
7303				
7303				
7303				
7304				
7305				
7307				
7308				
7309				
7310				
7310				
7310				
7311				
7311				
7311				
7314				
7315				
7315				
7316				
7320				
7321				
7324				
7327				
7334				
7334				
7336				
7336				
7337				
7338				
7338				
7338				
7340				
7340				
7340				
7343				
7343				
7347				
7349				
7358				
7364				
7366				
7367				
7368				
7369				
7372				
7374				
7374				
7375				
7376				
7376				
7379				
7381				
7381				
7391				
7393				
7396				
7398				
7399				
7400				
7400				
7401				
7402				
7403				
7403				
7411				
7414				
7414				
7414				
7414				
7414				
7414				
7414				
7415				
7415				
7416				
7418				
7418				
7418				
7418				
7419				
7421				
7421				
7422				
7422				
7422				
7422				
7422				
7422				
7423				
7423				
7426				
7426				
7427				
7427				
7430				
7430				
7430				
7430				
7431				
7431				
7431				
7432				
7432				
7432				
7432				
7432				
7432				
7432				
7432				
7432				
7432				
7432				
7433				
7433				
7433				
7433				
7433				
7433				
7433				
7434				
7434				
7434				
7434				
7435				
7435				
7435				
7435				
7435				
7436				
7436				
7436				
7436				
7437				
7437				
7438				
7438				
7438				
7443				
7444				
7445				
7447				
7450				
7451				
7452				
7453				
7454				
7456				
7458				
7459				
7464				
7465				
7466				
7466				
7467				
7467				
7468				
7472				
7474				
7474				
7474				
7474				
7478				
7480				
7480				
7481				
7481				
7481				
7482				
7482				
7483				
7483				
7483				
7483				
7483				
7483				
7484				
7484				
7485				
7487				
7487				
7494				
7497				
7497				
7497				
7497				
7497				
7497				
7501				
7503				
7505				
7506				
7512				
7513				
7513				
7515				
7518				
7518				
7520				
7520				
7520				
7520				
7525				
7527				
7527				
7528				
7528				
7529				
7533				
7534				
7534				
7534				
7534				
7535				
7535				
7536				
7537				
7538				
7538				
7539				
7542				
7544				
7545				
7547				
7548				
7550				
7550				
7554				
7554				
7557				
7558				
7559				
7560				
7560				
7561				
7562				
7569				
7573				
7578				
7581				
7584				
7586				
7592				
7602				
7602				
7602				
7603				
7603				
7604				
7604				
7607				
7611				
7614				
7614				
7614				
7615				
7616				
7616				
7621				
7622				
7622				
7623				
7624				
7629				
7629				
7629				
7632				
7633				
7638				
7640				
7642				
7644				
7645				
7645				
7650				
7650				
7651				
7654				
7655				
7658				
7666				
7667				
7667				
7668				
7675				
7678				
7679				
7679				
7679				
7683				
7683				
7685				
7685				
7687				
7693				
7693				
7696				
7696				
7696				
7696				
7700				
7702				
7705				
7707				
7716				
7719				
7719				
7722				
7722				
7723				
7723				
7724				
7725				
7726				
7726				
7732				
7733				
7736				
7746				
7748				
7749				
7752				
7752				
7754				
7754				
7755				
7755				
7759				
7762				
7764				
7766				
7766				
7768				
7771				
7776				
7777				
7778				
7782				
7782				
7782				
7782				
7783				
7784				
7785				
7786				
7787				
7788				
7788				
7789				
7791				
7792				
7793				
7793				
7794				
7804				
7806				
7809				
7809				
7809				
7810				
7810				
7813				
7814				
7824				
7830				
7832				
7836				
7842				
7846				
7846				
7848				
7852				
7852				
7853				
7855				
7856				
7860				
7864				
7864				
7864				
7864				
7864				
7864				
7864				
7865				
7865				
7865				
7865				
7866				
7866				
7866				
7866				
7866				
7866				
7866				
7866				
7867				
7867				
7867				
7867				
7868				
7868				
7868				
7869				
7869				
7870				
7870				
7870				
7870				
7882				
7885				
7892				
7899				
7902				
7902				
7912				
7912				
7927				
7936				
7939				
7941				
7942				
7943				
7943				
7943				
7944				
7944				
7944				
7948				
7949				
7949				
7953				
7961				
7961				
7961				
7968				
7969				
7969				
7971				
7971				
7971				
7971				
7976				
7978				
7983				
7984				
7987				
7990				
7994				
7997				
7999				
7999				
7999				
7999				
7999				
8000				
8000				
8000				
8000				
8002				
8003				
8006				
8010				
8012				
8013				
8013				
8020				
8023				
8024				
8025				
8026				
8027				
8028				
8029				
8038				
8044				
8050				
8053				
8055				
8080				
8087				
8087				
8091				
8092				
8105				
8106				
8107				
8109				
8113				
8118				
8118				
8127				
8130				
8130				
8130				
8131				
8136				
8138				
8138				
8139				
8142				
8142				
8142				
8143				
8143				
8143				
8143				
8146				
8153				
8154				
8154				
8155				
8156				
8160				
8161				
8163				
8170				
8181				
8185				
8185				
8185				
8186				
8188				
8196				
8196				
8198				
8199				
8203				
8205				
8207				
8211				
8211				
8221				
8222				
8223				
8224				
8225				
8228				
8229				
8231				
8232				
8236				
8240				
8247				
8250				
8259				
8260				
8260				
8260				
8263				
8266				
8273				
8280				
8284				
8284				
8284				
8284				
8284				
8284				
8284				
8284				
8284				
8284				
8284				
8284				
8284				
8284				
8284				
8284				
8284				
8284				
8284				
8284				
8284				
8285				
8285				
8285				
8285				
8285				
8286				
8286				
8287				
8287				
8287				
8287				
8287				
8288				
8288				
8288				
8288				
8288				
8288				
8288				
8288				
8289				
8289				
8290				
8294				
8294				
8295				
8298				
8298				
8298				
8299				
8300				
8301				
8302				
8304				
8304				
8305				
8305				
8306				
8307				
8308				
8308				
8309				
8310				
8310				
8311				
8311				
8311				
8311				
8312				
8313				
8313				
8314				
8316				
8318				
8318				
8322				
8326				
8326				
8328				
8331				
8333				
8333				
8334				
8335				
8335				
8335				
8335				
8335				
8335				
8335				
8335				
8335				
8335				
8335				
8335				
8335				
8335				
8335				
8335				
8335				
8335				
8335				
8335				
8335				
8335				
8335				
8335				
8335				
8335				
8335				
8335				
8335				
8335				
8335				
8335				
8335				
8335				
8335				
8335				
8335				
8335				
8335				
8335				
8335				
8335				
8335				
8336				
8337				
8337				
8337				
8337				
8337				
8337				
8337				
8337				
8337				
8337				
8337				
8338				
8338				
8339				
8339				
8339				
8339				
8339				
8339				
8339				
8339				
8339				
8339				
8339				
8339				
8339				
8339				
8340				
8340				
8340				
8340				
8340				
8340				
8340				
8340				
8340				
8340				
8340				
8340				
8340				
8340				
8340				
8340				
8340				
8340				
8341				
8341				
8341				
8341				
8341				
8341				
8341				
8341				
8341				
8341				
8342				
8343				
8343				
8343				
8343				
8343				
8343				
8343				
8343				
8343				
8343				
8344				
8346				
8348				
8348				
8349				
8349				
8350				
8350				
8351				
8351				
8351				
8352				
8352				
8353				
8353				
8354				
8355				
8356				
8356				
8358				
8359				
8363				
8366				
8367				
8370				
8371				
8371				
8371				
8371				
8374				
8375				
8377				
8378				
8387				
8389				
8393				
8396				
8396				
8400				
8404				
8410				
8416				
8417				
8417				
8417				
8422				
8426				
8426				
8426				
8426				
8426				
8427				
8427				
8429				
8429				
8432				
8434				
8434				
8435				
8438				
8438				
8438				
8444				
8446				
8450				
8451				
8454				
8464				
8467				
8469				
8470				
8471				
8484				
8484				
8486				
8486				
8486				
8486				
8486				
8486				
8488				
8488				
8488				
8488				
8488				
8488				
8488				
8488				
8488				
8488				
8488				
8488				
8488				
8488				
8489				
8489				
8489				
8489				
8489				
8489				
8489				
8489				
8489				
8489				
8489				
8489				
8489				
8489				
8489				
8489				
8489				
8489				
8489				
8489				
8489				
8489				
8489				
8489				
8489				
8489				
8489				
8489				
8489				
8489				
8489				
8489				
8489				
8490				
8490				
8490				
8490				
8490				
8490				
8490				
8490				
8490				
8490				
8490				
8490				
8490				
8490				
8490				
8490				
8490				
8490				
8490				
8491				
8491				
8492				
8492				
8492				
8492				
8493				
8493				
8493				
8493				
8493				
8494				
8495				
8495				
8495				
8496				
8496				
8496				
8496				
8496				
8496				
8496				
8497				
8498				
8499				
8500				
8500				
8501				
8501				
8501				
8502				
8502				
8503				
8503				
8504				
8505				
8506				
8507				
8507				
8507				
8507				
8508				
8509				
8510				
8510				
8510				
8511				
8513				
8513				
8513				
8514				
8514				
8515				
8516				
8516				
8516				
8516				
8516				
8517				
8517				
8517				
8517				
8518				
8518				
8518				
8518				
8518				
8519				
8519				
8519				
8519				
8519				
8519				
8519				
8519				
8519				
8520				
8520				
8520				
8520				
8520				
8520				
8521				
8521				
8522				
8522				
8522				
8523				
8523				
8523				
8523				
8524				
8524				
8524				
8525				
8525				
8526				
8536				
8544				
8545				
8545				
8545				
8546				
8547				
8550				
8550				
8552				
8552				
8552				
8552				
8553				
8553				
8553				
8554				
8555				
8555				
8556				
8558				
8561				
8562				
8562				
8562				
8563				
8563				
8564				
8566				
8571				
8572				
8572				
8572				
8575				
8581				
8581				
8581				
8582				
8583				
8586				
8587				
8592				
8594				
8598				
8598				
8599				
8605				
8605				
8607				
8610				
8613				
8614				
8615				
8619				
8619				
8622				
8624				
8628				
8628				
8628				
8629				
8631				
8631				
8634				
8634				
8636				
8637				
8640				
8642				
8643				
8643				
8644				
8645				
8657				
8657				
8657				
8657				
8658				
8658				
8660				
8660				
8660				
8661				
8663				
8667				
8670				
8684				
8686				
8686				
8689				
8690				
8695				
8697				
8698				
8702				
8703				
8710				
8713				
8722				
8725				
8725				
8736				
8738				
8741				
8744				
8744				
8745				
8754				
8755				
8762				
8762				
8764				
8764				
8795				
8798				
8798				
8808				
8808				
8814				
8816				
8819				
8820				
8828				
8865				
8871				
8873				
8879				
8899				
8900				
8900				
8905				
8905				
8913				
8913				
8914				
8914				
8915				
8915				
8915				
8915				
8918				
8926				
8927				
8927				
8928				
8929				
8936				
8941				
8945				
8946				
8953				
8959				
8959				
8961				
8962				
8964				
8969				
8970				
8970				
8973				
8978				
8979				
8979				
8981				
8982				
8983				
8986				
8993				
8993				
8993				
8996				
8999				
9005				
9005				
9006				
9007				
9010				
9011				
9012				
9020				
9023				
9023				
9030				
9030				
9036				
9036				
9037				
9037				
9040				
9042				
9046				
9046				
9046				
9047				
9049				
9049				
9050				
9053				
9060				
9061				
9062				
9074				
9076				
9076				
9077				
9083				
9085				
9094				
9095				
9095				
9095				
9095				
9095				
9095				
9095				
9096				
9096				
9097				
9097				
9097				
9097				
9098				
9098				
9098				
9098				
9098				
9098				
9098				
9098				
9098				
9099				
9099				
9099				
9102				
9103				
9103				
9103				
9103				
9103				
9103				
9104				
9104				
9104				
9104				
9104				
9107				
9109				
9110				
9110				
9111				
9111				
9112				
9112				
9112				
9112				
9115				
9115				
9115				
9117				
9118				
9119				
9120				
9123				
9129				
9130				
9130				
9139				
9139				
9139				
9140				
9144				
9145				
9145				
9151				
9162				
9164				
9169				
9175				
9186				
9187				
9191				
9193				
9199				
9203				
9205				
9207				
9212				
9213				
9213				
9215				
9216				
9217				
9225				
9230				
9233				
9234				
9234				
9236				
9239				
9240				
9240				
9240				
9244				
9244				
9244				
9245				
9248				
9251				
9256				
9268				
9268				
9269				
9270				
9272				
9272				
9273				
9281				
9281				
9284				
9284				
9286				
9286				
9287				
9294				
9298				
9303				
9309				
9312				
9312				
9313				
9316				
9317				
9318				
9322				
9327				
9327				
9328				
9333				
9349				
9354				
9357				
9357				
9360				
9361				
9365				
9380				
9381				
9382				
9383				
9384				
9384				
9386				
9392				
9392				
9394				
9404				
9405				
9405				
9411				
9413				
9422				
9425				
9432				
9434				
9434				
9434				
9435				
9435				
9438				
9439				
9443				
9450				
9453				
9468				
9470				
9474				
9476				
9477				
9477				
9478				
9480				
9480				
9481				
9483				
9501				
9503				
9504				
9504				
9504				
9504				
9509				
9513				
9513				
9515				
9527				
9532				
9532				
9532				
9536				
9540				
9540				
9552				
9553				
9554				
9554				
9554				
9557				
9557				
9561				
9563				
9580				
9584				
9586				
9586				
9587				
9590				
9593				
9593				
9598				
9600				
9602				
9603				
9603				
9603				
9604				
9608				
9609				
9609				
9610				
9615				
9616				
9619				
9621				
9622				
9622				
9625				
9626				
9629				
9632				
9635				
9636				
9636				
9636				
9636				
9640				
9642				
9647				
9647				
9666				
9666				
9666				
9667				
9668				
9669				
9669				
9669				
9671				
9671				
9683				
9683				
9690				
9694				
9695				
9699				
9713				
9714				
9714				
9718				
9724				
9727				
9738				
9740				
9741				
9746				
9747				
9748				
9752				
9752				
9759				
9764				
9765				
9770				
9775				
9781				
9783				
9786				
9789				
9790				
9793				
9794				
9801				
9804				
9814				
9824				
9824				
9825				
9831				
9849				
9850				
9850				
9850				
9850				
9854				
9856				
9857				
9858				
9862				
9864				
9873				
9886				
9891				
9894				
9900				
9900				
9903				
9906				
9909				
9917				
9918				
9918				
9919				
9925				
9942				
9943				
9946				
9949				
9950				
9960				
9961				
9967				
9972				
9977				
9978				
9984				
9986				
9990				
9990				
9998				
9998				
9999				
10000				
10006				
10014				
10017				
10021				
10027				
10028				
10029				
10034				
10039				
10048				
10052				
10056				
10060				
10064				
10070				
10072				
10073				
10074				
10074				
10074				
10085				
10086				
10089				
10089				
10091				
10091				
10093				
10109				
10117				
10127				
10132				
10134				
10139				
10152				
10152				
10155				
10158				
10168				
10174				
10190				
10196				
10208				
10209				
10210				
10215				
10223				
10226				
10235				
10238				
10241				
10244				
10245				
10247				
10247				
10248				
10255				
10256				
10256				
10263				
10266				
10273				
10274				
10277				
10283				
10286				
10287				
10287				
10287				
10287				
10287				
10287				
10287				
10287				
10287				
10287				
10288				
10296				
10312				
10315				
10320				
10325				
10326				
10329				
10330				
10330				
10331				
10334				
10336				
10336				
10337				
10343				
10348				
10348				
10360				
10360				
10360				
10360				
10360				
10360				
10360				
10360				
10360				
10360				
10361				
10366				
10368				
10385				
10389				
10389				
10391				
10395				
10401				
10411				
10413				
10416				
10417				
10417				
10417				
10418				
10418				
10419				
10419				
10422				
10429				
10431				
10431				
10432				
10436				
10437				
10451				
10453				
10461				
10462				
10470				
10471				
10472				
10480				
10482				
10482				
10485				
10497				
10501				
10505				
10506				
10511				
10522				
10524				
10527				
10536				
10538				
10540				
10548				
10551				
10551				
10559				
10563				
10570				
10571				
10574				
10575				
10577				
10583				
10584				
10584				
10584				
10584				
10584				
10584				
10585				
10586				
10587				
10587				
10590				
10596				
10596				
10598				
10600				
10607				
10607				
10620				
10624				
10628				
10628				
10630				
10635				
10636				
10638				
10645				
10665				
10668				
10670				
10679				
10680				
10681				
10681				
10681				
10681				
10685				
10687				
10687				
10687				
10688				
10688				
10688				
10688				
10688				
10688				
10688				
10688				
10688				
10688				
10688				
10688				
10688				
10688				
10688				
10688				
10688				
10688				
10688				
10688				
10688				
10688				
10688				
10688				
10688				
10688				
10688				
10688				
10688				
10688				
10688				
10688				
10688				
10688				
10688				
10688				
10688				
10688				
10688				
10688				
10688				
10688				
10688				
10688				
10688				
10688				
10688				
10688				
10688				
10688				
10688				
10688				
10688				
10688				
10688				
10688				
10688				
10688				
10688				
10688				
10688				
10688				
10688				
10688				
10688				
10688				
10688				
10688				
10688				
10688				
10688				
10688				
10688				
10688				
10688				
10688				
10688				
10688				
10688				
10688				
10688				
10688				
10688				
10688				
10688				
10689				
10689				
10689				
10689				
10689				
10689				
10689				
10689				
10689				
10689				
10689				
10689				
10689				
10689				
10689				
10689				
10689				
10689				
10689				
10689				
10689				
10689				
10689				
10690				
10690				
10690				
10690				
10690				
10690				
10690				
10690				
10690				
10690				
10690				
10690				
10691				
10691				
10691				
10691				
10691				
10691				
10691				
10691				
10691				
10691				
10691				
10691				
10691				
10691				
10691				
10691				
10691				
10691				
10691				
10691				
10691				
10691				
10691				
10691				
10691				
10691				
10691				
10691				
10692				
10692				
10692				
10692				
10692				
10692				
10692				
10692				
10692				
10692				
10693				
10693				
10693				
10693				
10693				
10693				
10693				
10693				
10693				
10694				
10694				
10694				
10694				
10695				
10695				
10695				
10695				
10695				
10695				
10695				
10695				
10695				
10695				
10695				
10696				
10696				
10696				
10696				
10696				
10696				
10697				
10697				
10697				
10697				
10697				
10698				
10698				
10698				
10700				
10700				
10700				
10702				
10702				
10702				
10703				
10703				
10703				
10704				
10705				
10705				
10706				
10706				
10706				
10706				
10706				
10707				
10707				
10708				
10708				
10708				
10709				
10709				
10711				
10712				
10712				
10713				
10713				
10714				
10714				
10715				
10715				
10717				
10717				
10719				
10720				
10720				
10721				
10722				
10723				
10725				
10726				
10726				
10726				
10733				
10735				
10737				
10742				
10743				
10743				
10746				
10747				
10750				
10752				
10754				
10759				
10761				
10762				
10763				
10764				
10764				
10765				
10765				
10765				
10766				
10766				
10766				
10768				
10768				
10768				
10769				
10771				
10771				
10772				
10772				
10773				
10774				
10776				
10776				
10776				
10776				
10779				
10779				
10782				
10785				
10785				
10785				
10792				
10796				
10796				
10799				
10801				
10804				
10804				
10806				
10808				
10808				
10808				
10809				
10809				
10810				
10816				
10816				
10820				
10824				
10826				
10827				
10829				
10830				
10835				
10835				
10842				
10843				
10846				
10848				
10849				
10849				
10850				
10856				
10857				
10858				
10859				
10859				
10863				
10865				
10867				
10871				
10872				
10872				
10873				
10873				
10874				
10877				
10879				
10883				
10883				
10884				
10885				
10894				
10901				
10904				
10904				
10905				
10905				
10905				
10906				
10912				
10921				
10925				
10927				
10930				
10932				
10937				
10937				
10938				
10941				
10941				
10943				
10945				
10945				
10945				
10945				
10945				
10945				
10945				
10945				
10945				
10945				
10945				
10945				
10945				
10945				
10945				
10945				
10945				
10945				
10945				
10945				
10945				
10947				
10949				
10949				
10949				
10956				
10958				
10962				
10966				
10967				
10967				
10968				
10969				
10969				
10969				
10969				
10969				
10972				
10972				
10972				
10974				
10979				
10988				
10989				
10989				
10990				
10991				
10991				
10993				
10996				
10997				
11001				
11008				
11012				
11023				
11026				
11027				
11032				
11033				
11036				
11041				
11049				
11050				
11051				
11051				
11053				
11055				
11060				
11062				
11062				
11062				
11064				
11065				
11066				
11081				
11085				
11088				
11088				
11088				
11092				
11103				
11106				
11109				
11112				
11112				
11114				
11121				
11121				
11124				
11131				
11138				
11142				
11142				
11145				
11151				
11158				
11165				
11165				
11165				
11166				
11170				
11170				
11179				
11179				
11180				
11180				
11180				
11185				
11187				
11190				
11197				
11197				
11198				
11200				
11200				
11200				
11201				
11203				
11204				
11205				
11210				
11210				
11212				
11212				
11215				
11215				
11215				
11216				
11217				
11219				
11235				
11243				
11243				
11249				
11250				
11250				
11250				
11253				
11253				
11254				
11257				
11270				
11272				
11273				
11282				
11282				
11283				
11296				
11296				
11297				
11297				
11299				
11303				
11306				
11315				
11316				
11317				
11330				
11331				
11335				
11338				
11341				
11360				
11387				
11389				
11390				
11390				
11393				
11397				
11400				
11406				
11406				
11406				
11407				
11412				
11413				
11414				
11416				
11424				
11427				
11432				
11432				
11436				
11436				
11436				
11437				
11438				
11440				
11440				
11440				
11442				
11447				
11448				
11448				
11448				
11448				
11448				
11448				
11448				
11448				
11453				
11453				
11453				
11453				
11454				
11455				
11463				
11466				
11466				
11466				
11466				
11466				
11467				
11467				
11467				
11467				
11477				
11477				
11477				
11477				
11477				
11477				
11477				
11485				
11485				
11490				
11491				
11492				
11492				
11494				
11496				
11497				
11500				
11500				
11500				
11502				
11502				
11502				
11504				
11505				
11507				
11507				
11507				
11509				
11509				
11510				
11510				
11512				
11513				
11513				
11514				
11515				
11515				
11515				
11515				
11515				
11515				
11516				
11516				
11520				
11520				
11526				
11528				
11530				
11530				
11530				
11532				
11539				
11541				
11543				
11551				
11553				
11565				
11565				
11571				
11572				
11573				
11573				
11573				
11573				
11573				
11573				
11574				
11574				
11575				
11578				
11578				
11582				
11582				
11582				
11583				
11584				
11584				
11601				
11604				
11604				
11604				
11605				
11609				
11613				
11613				
11615				
11615				
11615				
11615				
11615				
11615				
11616				
11622				
11622				
11624				
11625				
11625				
11626				
11626				
11629				
11629				
11630				
11634				
11636				
11641				
11641				
11645				
11648				
11649				
11657				
11658				
11661				
11666				
11670				
11670				
11671				
11672				
11673				
11673				
11673				
11675				
11680				
11682				
11683				
11687				
11689				
11709				
11709				
11709				
11711				
11712				
11712				
11712				
11713				
11716				
11717				
11719				
11722				
11726				
11729				
11730				
11733				
11742				
11743				
11744				
11744				
11744				
11745				
11746				
11747				
11749				
11750				
11752				
11754				
11757				
11762				
11763				
11765				
11771				
11772				
11772				
11773				
11773				
11776				
11785				
11786				
11788				
11790				
11790				
11790				
11791				
11791				
11791				
11794				
11801				
11802				
11803				
11803				
11827				
11828				
11828				
11828				
11828				
11828				
11828				
11828				
11828				
11828				
11828				
11828				
11828				
11828				
11828				
11828				
11828				
11828				
11828				
11828				
11828				
11828				
11828				
11828				
11828				
11828				
11828				
11828				
11828				
11828				
11828				
11828				
11828				
11828				
11828				
11828				
11828				
11828				
11828				
11828				
11828				
11828				
11828				
11828				
11828				
11828				
11828				
11828				
11828				
11828				
11828				
11828				
11828				
11828				
11828				
11828				
11828				
11828				
11828				
11828				
11828				
11828				
11828				
11828				
11828				
11828				
11828				
11829				
11829				
11829				
11829				
11829				
11829				
11829				
11829				
11829				
11829				
11829				
11829				
11829				
11829				
11830				
11830				
11830				
11830				
11830				
11830				
11831				
11831				
11831				
11831				
11831				
11831				
11832				
11832				
11832				
11833				
11833				
11833				
11833				
11833				
11834				
11834				
11834				
11834				
11835				
11835				
11835				
11835				
11836				
11836				
11836				
11837				
11837				
11837				
11837				
11837				
11837				
11837				
11837				
11837				
11837				
11837				
11837				
11837				
11837				
11837				
11837				
11837				
11837				
11837				
11837				
11837				
11837				
11837				
11837				
11837				
11837				
11837				
11837				
11837				
11837				
11837				
11837				
11837				
11837				
11837				
11837				
11837				
11837				
11837				
11837				
11837				
11837				
11837				
11837				
11837				
11837				
11837				
11837				
11837				
11837				
11837				
11837				
11837				
11837				
11837				
11837				
11837				
11837				
11837				
11837				
11837				
11837				
11837				
11837				
11837				
11837				
11837				
11837				
11837				
11837				
11837				
11837				
11837				
11837				
11837				
11837				
11837				
11837				
11837				
11837				
11837				
11837				
11837				
11837				
11837				
11838				
11838				
11838				
11838				
11838				
11838				
11838				
11838				
11838				
11838				
11838				
11839				
11839				
11839				
11839				
11839				
11839				
11839				
11839				
11839				
11839				
11839				
11839				
11840				
11840				
11840				
11840				
11841				
11841				
11842				
11842				
11842				
11842				
11842				
11842				
11842				
11842				
11843				
11843				
11843				
11843				
11843				
11843				
11843				
11843				
11846				
11846				
11846				
11848				
11848				
11848				
11850				
11850				
11850				
11851				
11851				
11851				
11851				
11853				
11854				
11854				
11857				
11858				
11862				
11864				
11864				
11864				
11866				
11866				
11866				
11866				
11866				
11867				
11870				
11871				
11878				
11883				
11885				
11885				
11885				
11895				
11896				
11897				
11906				
11908				
11912				
11913				
11919				
11926				
11930				
11931				
11932				
11936				
11936				
11938				
11943				
11945				
11945				
11953				
11958				
11958				
11958				
11959				
11962				
11962				
11963				
11964				
11964				
11964				
11965				
11966				
11979				
11979				
11984				
11986				
11986				
11986				
11989				
11989				
11989				
11990				
11991				
11994				
11995				
11997				
12000				
12003				
12005				
12008				
12008				
12009				
12012				
12014				
12014				
12014				
12014				
12017				
12017				
12017				
12017				
12017				
12018				
12020				
12020				
12022				
12022				
12022				
12022				
12022				
12025				
12025				
12025				
12027				
12027				
12033				
12033				
12035				
12035				
12040				
12048				
12055				
12056				
12057				
12058				
12059				
12060				
12066				
12071				
12073				
12078				
12081				
12082				
12082				
12083				
12086				
12089				
12090				
12096				
12100				
12100				
12101				
12104				
12107				
12107				
12109				
12109				
12114				
12115				
12115				
12116				
12118				
12119				
12121				
12123				
12123				
12129				
12129				
12130				
12131				
12131				
12133				
12133				
12136				
12136				
12136				
12136				
12150				
12150				
12150				
12157				
12160				
12160				
12163				
12163				
12164				
12164				
12177				
12177				
12181				
12181				
12181				
12181				
12181				
12182				
12186				
12187				
12193				
12196				
12197				
12198				
12203				
12205				
12209				
12212				
12214				
12217				
12218				
12219				
12220				
12222				
12223				
12223				
12225				
12225				
12225				
12225				
12225				
12225				
12225				
12225				
12225				
12225				
12225				
12225				
12225				
12226				
12227				
12227				
12227				
12228				
12233				
12233				
12233				
12234				
12234				
12235				
12235				
12236				
12237				
12238				
12241				
12242				
12242				
12242				
12243				
12245				
12245				
12245				
12245				
12245				
12245				
12246				
12246				
12247				
12251				
12255				
12255				
12257				
12264				
12269				
12274				
12275				
12279				
12280				
12280				
12284				
12286				
12287				
12289				
12289				
12291				
12291				
12292				
12292				
12293				
12295				
12296				
12300				
12302				
12302				
12303				
12303				
12304				
12304				
12308				
12309				
12312				
12313				
12313				
12313				
12315				
12322				
12329				
12329				
12330				
12335				
12339				
12340				
12340				
12340				
12341				
12344				
12344				
12345				
12345				
12345				
12349				
12351				
12353				
12356				
12357				
12357				
12358				
12362				
12362				
12362				
12362				
12368				
12371				
12377				
12378				
12378				
12379				
12379				
12387				
12389				
12389				
12395				
12399				
12401				
12402				
12404				
12405				
12405				
12407				
12407				
12407				
12408				
12409				
12409				
12410				
12410				
12410				
12414				
12414				
12416				
12416				
12416				
12416				
12416				
12416				
12416				
12417				
12418				
12420				
12421				
12425				
12425				
12425				
12426				
12426				
12430				
12432				
12432				
12437				
12438				
12438				
12440				
12440				
12441				
12454				
12457				
12462				
12464				
12466				
12467				
12468				
12481				
12483				
12484				
12485				
12489				
12490				
12493				
12495				
12500				
12500				
12500				
12500				
12500				
12502				
12502				
12503				
12504				
12507				
12509				
12509				
12510				
12511				
12515				
12521				
12523				
12527				
12530				
12531				
12534				
12537				
12558				
12567				
12573				
12573				
12575				
12576				
12581				
12582				
12583				
12591				
12592				
12596				
12598				
12598				
12601				
12606				
12606				
12610				
12610				
12612				
12613				
12614				
12620				
12630				
12631				
12636				
12639				
12639				
12639				
12642				
12643				
12643				
12644				
12646				
12656				
12656				
12658				
12662				
12666				
12668				
12669				
12669				
12673				
12682				
12685				
12686				
12686				
12686				
12686				
12687				
12689				
12692				
12692				
12694				
12694				
12696				
12700				
12700				
12707				
12707				
12708				
12714				
12714				
12716				
12728				
12728				
12731				
12733				
12734				
12736				
12749				
12750				
12752				
12758				
12764				
12771				
12771				
12771				
12771				
12771				
12771				
12771				
12771				
12771				
12771				
12771				
12772				
12772				
12772				
12772				
12773				
12773				
12775				
12776				
12780				
12780				
12780				
12788				
12792				
12793				
12793				
12794				
12798				
12801				
12801				
12803				
12806				
12806				
12806				
12806				
12806				
12806				
12806				
12806				
12806				
12808				
12809				
12813				
12816				
12818				
12820				
12820				
12822				
12825				
12825				
12831				
12837				
12838				
12842				
12844				
12845				
12846				
12854				
12855				
12857				
12864				
12869				
12870				
12871				
12871				
12874				
12876				
12881				
12884				
12889				
12889				
12889				
12890				
12892				
12893				
12897				
12897				
12899				
12902				
12907				
12908				
12911				
12915				
12918				
12921				
12924				
12927				
12927				
12932				
12933				
12951				
12954				
12956				
12967				
12969				
12969				
12972				
12972				
12976				
12986				
12987				
12989				
12996				
12998				
12998				
12999				
13003				
13003				
13003				
13009				
13013				
13013				
13019				
13023				
13024				
13024				
13024				
13036				
13039				
13044				
13045				
13046				
13046				
13047				
13050				
13066				
13069				
13076				
13083				
13088				
13089				
13090				
13093				
13094				
13098				
13099				
13105				
13154				
13164				
13164				
13165				
13165				
13165				
13166				
13179				
13182				
13182				
13193				
13204				
13211				
13212				
13216				
13222				
13235				
13243				
13243				
13246				
13248				
13250				
13264				
13264				
13273				
13276				
13277				
13285				
13287				
13297				
13299				
13300				
13300				
13302				
13309				
13312				
13323				
13325				
13328				
13333				
13334				
13340				
13352				
13355				
13355				
13358				
13360				
13370				
13371				
13371				
13385				
13385				
13385				
13385				
13385				
13385				
13385				
13385				
13385				
13385				
13385				
13385				
13385				
13385				
13385				
13385				
13385				
13385				
13385				
13385				
13385				
13385				
13385				
13385				
13385				
13385				
13385				
13385				
13385				
13385				
13385				
13385				
13385				
13385				
13385				
13385				
13385				
13385				
13385				
13385				
13385				
13385				
13385				
13385				
13385				
13385				
13385				
13385				
13385				
13385				
13385				
13385				
13385				
13385				
13385				
13385				
13385				
13385				
13385				
13385				
13385				
13385				
13385				
13385				
13385				
13385				
13385				
13385				
13385				
13385				
13385				
13385				
13385				
13385				
13385				
13385				
13385				
13385				
13385				
13385				
13385				
13385				
13385				
13385				
13385				
13385				
13385				
13385				
13385				
13385				
13385				
13385				
13385				
13385				
13385				
13385				
13385				
13385				
13385				
13385				
13385				
13385				
13385				
13385				
13385				
13385				
13385				
13385				
13385				
13385				
13385				
13385				
13385				
13385				
13385				
13385				
13385				
13385				
13385				
13385				
13385				
13386				
13386				
13386				
13386				
13386				
13386				
13386				
13386				
13386				
13386				
13386				
13387				
13387				
13387				
13387				
13387				
13387				
13387				
13387				
13387				
13387				
13387				
13388				
13388				
13388				
13388				
13388				
13388				
13388				
13388				
13388				
13388				
13389				
13389				
13389				
13389				
13389				
13389				
13389				
13389				
13389				
13389				
13390				
13390				
13390				
13390				
13390				
13391				
13391				
13391				
13391				
13392				
13392				
13392				
13392				
13392				
13392				
13392				
13392				
13392				
13393				
13393				
13393				
13393				
13393				
13393				
13394				
13394				
13395				
13395				
13395				
13395				
13395				
13395				
13395				
13395				
13395				
13395				
13397				
13397				
13397				
13397				
13397				
13398				
13398				
13398				
13399				
13399				
13399				
13399				
13400				
13400				
13402				
13402				
13402				
13402				
13403				
13404				
13405				
13406				
13406				
13407				
13407				
13407				
13407				
13407				
13407				
13407				
13408				
13409				
13409				
13410				
13410				
13411				
13411				
13412				
13412				
13412				
13413				
13414				
13414				
13414				
13416				
13417				
13420				
13420				
13422				
13422				
13423				
13424				
13425				
13426				
13427				
13428				
13428				
13429				
13429				
13430				
13430				
13430				
13430				
13430				
13431				
13431				
13433				
13433				
13435				
13436				
13437				
13438				
13438				
13438				
13441				
13445				
13446				
13446				
13447				
13448				
13448				
13448				
13448				
13448				
13448				
13448				
13448				
13448				
13448				
13448				
13448				
13448				
13448				
13448				
13448				
13448				
13448				
13448				
13448				
13448				
13448				
13448				
13448				
13448				
13448				
13448				
13448				
13448				
13448				
13448				
13448				
13448				
13448				
13448				
13448				
13448				
13448				
13448				
13448				
13448				
13448				
13448				
13449				
13449				
13449				
13449				
13449				
13449				
13449				
13449				
13449				
13449				
13449				
13449				
13449				
13449				
13449				
13449				
13449				
13449				
13449				
13449				
13449				
13449				
13449				
13449				
13449				
13449				
13449				
13449				
13449				
13449				
13449				
13449				
13449				
13449				
13449				
13449				
13449				
13449				
13449				
13449				
13449				
13449				
13450				
13450				
13450				
13450				
13450				
13450				
13450				
13450				
13450				
13450				
13450				
13450				
13450				
13450				
13450				
13450				
13450				
13450				
13450				
13450				
13450				
13451				
13451				
13451				
13451				
13451				
13451				
13451				
13451				
13451				
13451				
13452				
13452				
13452				
13452				
13452				
13452				
13452				
13452				
13452				
13452				
13452				
13452				
13452				
13452				
13452				
13452				
13452				
13452				
13452				
13452				
13452				
13452				
13452				
13452				
13452				
13452				
13452				
13452				
13452				
13452				
13452				
13452				
13452				
13452				
13452				
13452				
13452				
13452				
13452				
13452				
13452				
13452				
13452				
13452				
13452				
13452				
13452				
13452				
13452				
13452				
13452				
13452				
13452				
13452				
13452				
13452				
13452				
13452				
13452				
13452				
13452				
13452				
13452				
13452				
13452				
13452				
13452				
13452				
13452				
13452				
13452				
13452				
13452				
13452				
13452				
13452				
13452				
13452				
13452				
13452				
13452				
13452				
13452				
13452				
13452				
13452				
13452				
13452				
13452				
13452				
13452				
13452				
13452				
13452				
13452				
13452				
13452				
13452				
13452				
13452				
13452				
13452				
13452				
13452				
13452				
13452				
13452				
13452				
13452				
13452				
13452				
13452				
13452				
13452				
13452				
13452				
13452				
13452				
13452				
13452				
13452				
13452				
13452				
13452				
13452				
13452				
13452				
13452				
13452				
13452				
13452				
13452				
13452				
13452				
13452				
13452				
13452				
13452				
13452				
13452				
13452				
13452				
13452				
13452				
13452				
13452				
13452				
13452				
13452				
13452				
13452				
13452				
13452				
13452				
13452				
13452				
13452				
13452				
13452				
13452				
13452				
13452				
13452				
13452				
13452				
13452				
13452				
13452				
13452				
13452				
13452				
13452				
13452				
13452				
13452				
13452				
13452				
13452				
13452				
13452				
13452				
13452				
13452				
13452				
13452				
13452				
13452				
13452				
13452				
13452				
13452				
13452				
13452				
13452				
13452				
13452				
13452				
13452				
13452				
13452				
13452				
13452				
13452				
13452				
13452				
13452				
13452				
13452				
13452				
13452				
13452				
13452				
13452				
13452				
13452				
13452				
13452				
13452				
13452				
13452				
13452				
13452				
13452				
13452				
13452				
13452				
13452				
13452				
13452				
13452				
13452				
13452				
13452				
13452				
13452				
13452				
13452				
13452				
13452				
13452				
13452				
13452				
13452				
13452				
13452				
13452				
13452				
13452				
13452				
13452				
13452				
13452				
13452				
13452				
13452				
13452				
13452				
13452				
13452				
13452				
13452				
13452				
13453				
13453				
13453				
13453				
13453				
13453				
13453				
13453				
13453				
13453				
13453				
13453				
13453				
13453				
13453				
13453				
13453				
13453				
13453				
13453				
13453				
13453				
13453				
13453				
13453				
13453				
13453				
13453				
13453				
13453				
13453				
13453				
13453				
13453				
13453				
13453				
13453				
13453				
13453				
13453				
13453				
13453				
13453				
13453				
13453				
13453				
13453				
13453				
13453				
13453				
13453				
13454				
13454				
13454				
13454				
13454				
13454				
13454				
13454				
13454				
13454				
13454				
13454				
13454				
13454				
13454				
13454				
13454				
13454				
13454				
13454				
13454				
13454				
13454				
13454				
13454				
13454				
13454				
13454				
13454				
13454				
13454				
13455				
13455				
13455				
13455				
13455				
13455				
13455				
13455				
13455				
13455				
13455				
13455				
13455				
13455				
13455				
13455				
13455				
13455				
13455				
13455				
13455				
13456				
13456				
13456				
13456				
13456				
13456				
13456				
13456				
13456				
13456				
13456				
13456				
13456				
13456				
13456				
13456				
13457				
13457				
13457				
13457				
13457				
13457				
13457				
13457				
13457				
13457				
13457				
13458				
13458				
13458				
13458				
13458				
13458				
13458				
13458				
13458				
13458				
13458				
13458				
13458				
13458				
13458				
13458				
13458				
13458				
13458				
13458				
13459				
13459				
13459				
13459				
13459				
13459				
13459				
13459				
13459				
13460				
13460				
13460				
13460				
13460				
13460				
13460				
13460				
13461				
13461				
13461				
13461				
13462				
13462				
13462				
13462				
13462				
13462				
13462				
13462				
13462				
13463				
13463				
13463				
13463				
13463				
13463				
13463				
13463				
13463				
13464				
13464				
13464				
13464				
13464				
13465				
13465				
13465				
13465				
13465				
13465				
13465				
13465				
13465				
13465				
13465				
13465				
13466				
13466				
13466				
13466				
13467				
13467				
13467				
13467				
13467				
13467				
13468				
13468				
13468				
13468				
13468				
13469				
13469				
13469				
13469				
13469				
13470				
13470				
13470				
13470				
13470				
13472				
13472				
13472				
13472				
13473				
13473				
13474				
13474				
13474				
13474				
13474				
13475				
13476				
13476				
13476				
13476				
13476				
13476				
13476				
13478				
13478				
13479				
13479				
13480				
13480				
13480				
13480				
13480				
13480				
13480				
13480				
13480				
13481				
13481				
13481				
13481				
13481				
13482				
13482				
13482				
13482				
13482				
13482				
13482				
13483				
13483				
13484				
13484				
13484				
13484				
13485				
13486				
13486				
13486				
13487				
13487				
13488				
13489				
13489				
13489				
13489				
13490				
13490				
13490				
13491				
13491				
13491				
13492				
13492				
13492				
13492				
13492				
13492				
13492				
13493				
13493				
13494				
13495				
13496				
13496				
13497				
13497				
13497				
13497				
13498				
13498				
13499				
13500				
13500				
13501				
13501				
13502				
13502				
13503				
13503				
13503				
13504				
13505				
13506				
13506				
13507				
13508				
13508				
13508				
13509				
13509				
13510				
13513				
13516				
13516				
13518				
13518				
13519				
13519				
13519				
13519				
13520				
13521				
13522				
13522				
13522				
13523				
13524				
13525				
13526				
13526				
13527				
13528				
13532				
13532				
13532				
13532				
13532				
13532				
13532				
13532				
13532				
13532				
13532				
13532				
13532				
13532				
13532				
13532				
13532				
13532				
13532				
13532				
13532				
13532				
13532				
13532				
13532				
13532				
13532				
13532				
13532				
13532				
13532				
13532				
13532				
13532				
13532				
13532				
13532				
13532				
13532				
13532				
13532				
13532				
13532				
13532				
13532				
13532				
13532				
13532				
13532				
13532				
13532				
13532				
13532				
13532				
13532				
13532				
13532				
13532				
13532				
13532				
13532				
13532				
13533				
13533				
13533				
13533				
13533				
13533				
13533				
13533				
13533				
13533				
13534				
13534				
13534				
13535				
13535				
13535				
13535				
13535				
13535				
13536				
13536				
13536				
13536				
13537				
13539				
13539				
13540				
13540				
13541				
13541				
13542				
13542				
13543				
13548				
13548				
13548				
13548				
13548				
13548				
13548				
13548				
13548				
13548				
13548				
13549				
13549				
13549				
13551				
13551				
13554				
13554				
13554				
13554				
13555				
13557				
13557				
13558				
13559				
13560				
13561				
13563				
13563				
13564				
13565				
13566				
13566				
13567				
13567				
13568				
13569				
13570				
13571				
13571				
13572				
13576				
13578				
13579				
13579				
13581				
13583				
13586				
13586				
13586				
13587				
13587				
13588				
13589				
13593				
13593				
13598				
13600				
13600				
13604				
13610				
13610				
13612				
13612				
13612				
13613				
13613				
13614				
13615				
13615				
13615				
13615				
13615				
13615				
13615				
13615				
13616				
13624				
13624				
13626				
13627				
13627				
13628				
13629				
13630				
13630				
13630				
13631				
13631				
13631				
13632				
13634				
13635				
13638				
13639				
13642				
13646				
13646				
13648				
13651				
13653				
13653				
13660				
13662				
13667				
13667				
13667				
13668				
13669				
13669				
13674				
13674				
13678				
13682				
13685				
13688				
13689				
13692				
13693				
13694				
13694				
13695				
13695				
13696				
13696				
13696				
13697				
13701				
13703				
13703				
13704				
13705				
13716				
13717				
13719				
13722				
13725				
13733				
13734				
13734				
13734				
13734				
13734				
13734				
13735				
13739				
13740				
13741				
13749				
13751				
13751				
13758				
13758				
13758				
13760				
13761				
13762				
13763				
13763				
13766				
13767				
13767				
13773				
13773				
13783				
13794				
13794				
13801				
13802				
13806				
13807				
13807				
13812				
13814				
13818				
13820				
13821				
13824				
13833				
13835				
13837				
13837				
13837				
13839				
13845				
13851				
13853				
13860				
13872				
13874				
13883				
13884				
13890				
13896				
13896				
13897				
13898				
13898				
13908				
13911				
13913				
13914				
13927				
13928				
13932				
13935				
13935				
13935				
13943				
13946				
13946				
13952				
13963				
13964				
13965				
13966				
13969				
13972				
13973				
13973				
13974				
13979				
13979				
13979				
13979				
13980				
13980				
13981				
13981				
13981				
13988				
13989				
13992				
13994				
13994				
13996				
13998				
14000				
14001				
14001				
14002				
14002				
14003				
14003				
14007				
14007				
14008				
14011				
14018				
14019				
14020				
14020				
14027				
14033				
14041				
14043				
14044				
14061				
14061				
14064				
14065				
14065				
14077				
14081				
14083				
14085				
14094				
14102				
14102				
14102				
14105				
14107				
14107				
14107				
14107				
14107				
14107				
14108				
14109				
14111				
14111				
14111				
14112				
14113				
14116				
14121				
14121				
14122				
14131				
14131				
14133				
14140				
14164				
14165				
14177				
14181				
14184				
14189				
14198				
14200				
14201				
14203				
14207				
14209				
14214				
14216				
14217				
14234				
14242				
